{
 "cells": [
  {
   "cell_type": "code",
   "execution_count": 1,
   "metadata": {},
   "outputs": [],
   "source": [
    "import numpy as np\n",
    "np.random.seed(0)\n",
    "a=np.random.randn(10,3)"
   ]
  },
  {
   "cell_type": "code",
   "execution_count": 8,
   "metadata": {},
   "outputs": [
    {
     "data": {
      "text/plain": [
       "array([[ 1.76405235,  0.40015721,  0.97873798],\n",
       "       [ 2.2408932 ,  1.86755799, -0.97727788],\n",
       "       [ 0.95008842, -0.15135721, -0.10321885],\n",
       "       [ 0.4105985 ,  0.14404357,  1.45427351],\n",
       "       [ 0.76103773,  0.12167502,  0.44386323],\n",
       "       [ 0.33367433,  1.49407907, -0.20515826],\n",
       "       [ 0.3130677 , -0.85409574, -2.55298982],\n",
       "       [ 0.6536186 ,  0.8644362 , -0.74216502],\n",
       "       [ 2.26975462, -1.45436567,  0.04575852],\n",
       "       [-0.18718385,  1.53277921,  1.46935877]])"
      ]
     },
     "execution_count": 8,
     "metadata": {},
     "output_type": "execute_result"
    }
   ],
   "source": [
    "a"
   ]
  },
  {
   "cell_type": "code",
   "execution_count": 3,
   "metadata": {},
   "outputs": [],
   "source": [
    "distance_mat = np.linalg.norm(a[:, None, :] - a[None, :, :], axis=-1)"
   ]
  },
  {
   "cell_type": "code",
   "execution_count": 9,
   "metadata": {},
   "outputs": [
    {
     "data": {
      "text/plain": [
       "array([[0.        , 2.49131297, 1.46196307, 1.45724587, 1.170334  ,\n",
       "        2.15505375, 4.01890634, 2.10002982, 2.13668917, 2.3088664 ],\n",
       "       [2.49131297, 0.        , 2.55072044, 3.49755955, 2.6940159 ,\n",
       "        2.09120516, 3.68873668, 1.89234565, 3.47600536, 3.46318724],\n",
       "       [1.46196307, 2.55072044, 0.        , 1.67454275, 0.63998872,\n",
       "        1.76006208, 2.62697823, 1.23611602, 1.86052257, 2.56957274],\n",
       "       [1.45724587, 3.49755955, 1.67454275, 0.        , 1.06969011,\n",
       "        2.14061369, 4.13085387, 2.32429914, 2.82759404, 1.51200463],\n",
       "       [1.170334  , 2.6940159 , 0.63998872, 1.06969011, 0.        ,\n",
       "        1.57713705, 3.18338403, 1.40352986, 2.21779582, 1.98544209],\n",
       "       [2.15505375, 2.09120516, 1.76006208, 2.14061369, 1.57713705,\n",
       "        0.        , 3.32064189, 0.8872377 , 3.53619747, 1.75408045],\n",
       "       [4.01890634, 3.68873668, 2.62697823, 4.13085387, 3.18338403,\n",
       "        3.32064189, 0.        , 2.5196058 , 3.307936  , 4.70390389],\n",
       "       [2.10002982, 1.89234565, 1.23611602, 2.32429914, 1.40352986,\n",
       "        0.8872377 , 2.5196058 , 0.        , 2.93420539, 2.4585501 ],\n",
       "       [2.13668917, 3.47600536, 1.86052257, 2.82759404, 2.21779582,\n",
       "        3.53619747, 3.307936  , 2.93420539, 0.        , 4.12143409],\n",
       "       [2.3088664 , 3.46318724, 2.56957274, 1.51200463, 1.98544209,\n",
       "        1.75408045, 4.70390389, 2.4585501 , 4.12143409, 0.        ]])"
      ]
     },
     "execution_count": 9,
     "metadata": {},
     "output_type": "execute_result"
    }
   ],
   "source": [
    "distance_mat"
   ]
  },
  {
   "cell_type": "code",
   "execution_count": 16,
   "metadata": {},
   "outputs": [
    {
     "data": {
      "text/plain": [
       "array([[       inf, 2.49131297, 1.46196307, 1.45724587, 1.170334  ,\n",
       "        2.15505375, 4.01890634, 2.10002982, 2.13668917, 2.3088664 ],\n",
       "       [2.49131297,        inf, 2.55072044, 3.49755955, 2.6940159 ,\n",
       "        2.09120516, 3.68873668, 1.89234565, 3.47600536, 3.46318724],\n",
       "       [1.46196307, 2.55072044,        inf, 1.67454275, 0.63998872,\n",
       "        1.76006208, 2.62697823, 1.23611602, 1.86052257, 2.56957274],\n",
       "       [1.45724587, 3.49755955, 1.67454275,        inf, 1.06969011,\n",
       "        2.14061369, 4.13085387, 2.32429914, 2.82759404, 1.51200463],\n",
       "       [1.170334  , 2.6940159 , 0.63998872, 1.06969011,        inf,\n",
       "        1.57713705, 3.18338403, 1.40352986, 2.21779582, 1.98544209],\n",
       "       [2.15505375, 2.09120516, 1.76006208, 2.14061369, 1.57713705,\n",
       "               inf, 3.32064189, 0.8872377 , 3.53619747, 1.75408045],\n",
       "       [4.01890634, 3.68873668, 2.62697823, 4.13085387, 3.18338403,\n",
       "        3.32064189,        inf, 2.5196058 , 3.307936  , 4.70390389],\n",
       "       [2.10002982, 1.89234565, 1.23611602, 2.32429914, 1.40352986,\n",
       "        0.8872377 , 2.5196058 ,        inf, 2.93420539, 2.4585501 ],\n",
       "       [2.13668917, 3.47600536, 1.86052257, 2.82759404, 2.21779582,\n",
       "        3.53619747, 3.307936  , 2.93420539,        inf, 4.12143409],\n",
       "       [2.3088664 , 3.46318724, 2.56957274, 1.51200463, 1.98544209,\n",
       "        1.75408045, 4.70390389, 2.4585501 , 4.12143409,        inf]])"
      ]
     },
     "execution_count": 16,
     "metadata": {},
     "output_type": "execute_result"
    }
   ],
   "source": [
    "distance_mat[distance_mat == 0] = np.inf\n",
    "distance_mat"
   ]
  },
  {
   "cell_type": "code",
   "execution_count": 15,
   "metadata": {},
   "outputs": [
    {
     "name": "stdout",
     "output_type": "stream",
     "text": [
      "[4 7 4 4 2 7 7 5 2 3]\n"
     ]
    }
   ],
   "source": [
    "nn = distance_mat.argmin(axis=0)\n",
    "print(nn)"
   ]
  }
 ],
 "metadata": {
  "kernelspec": {
   "display_name": "Python 3",
   "language": "python",
   "name": "python3"
  },
  "language_info": {
   "codemirror_mode": {
    "name": "ipython",
    "version": 3
   },
   "file_extension": ".py",
   "mimetype": "text/x-python",
   "name": "python",
   "nbconvert_exporter": "python",
   "pygments_lexer": "ipython3",
   "version": "3.8.5"
  }
 },
 "nbformat": 4,
 "nbformat_minor": 4
}
